<?xml version="1.0"?>
<opencv_storage>
<calibration_time>"Fri 10 Nov 2023 07:15:46 PM CST"</calibration_time>
<nr_of_frames>7</nr_of_frames>
<image_width>640</image_width>
<image_height>480</image_height>
<board_width>9</board_width>
<board_height>6</board_height>
<square_size>25.</square_size>
<fix_aspect_ratio>1.</fix_aspect_ratio>
<!-- flags: +fix_aspectRatio +fix_principal_point +zero_tangent_dist +fix_k4 +fix_k5 -->
<flags>6158</flags>
<fisheye_model>0</fisheye_model>
<camera_matrix type_id="opencv-matrix">
  <rows>3</rows>
  <cols>3</cols>
  <dt>d</dt>
  <data>
    1.0898476820089541e+03 0. 3.1950000000000000e+02 0.
    1.0898476820089541e+03 2.3950000000000000e+02 0. 0. 1.</data></camera_matrix>
<distortion_coefficients type_id="opencv-matrix">
  <rows>5</rows>
  <cols>1</cols>
  <dt>d</dt>
  <data>
    -4.0686450203291058e-01 -2.0379021356356950e+00 0. 0.
    1.2577160596360812e+01</data></distortion_coefficients>
<avg_reprojection_error>8.4326775749618543e-01</avg_reprojection_error>
<per_view_reprojection_errors type_id="opencv-matrix">
  <rows>7</rows>
  <cols>1</cols>
  <dt>f</dt>
  <data>
    1.84610188e+00 5.17678440e-01 4.69542921e-01 6.13234878e-01
    5.02646983e-01 4.70881969e-01 4.80322063e-01</data></per_view_reprojection_errors>
<!-- a set of 6-tuples (rotation vector + translation vector) for each view -->
<extrinsic_parameters type_id="opencv-matrix">
  <rows>7</rows>
  <cols>6</cols>
  <dt>d</dt>
  <data>
    -3.7648691376044555e-02 1.1822766919780689e+00
    2.8923172950972544e+00 9.2640405899799944e+01 2.7248731450798349e+01
    4.7122258955444590e+02 2.0462005464353214e-01
    -2.9285731572349104e-02 3.0534253599729340e+00
    1.1785420451684303e+02 3.3860412331087950e+01 5.5360673543658436e+02
    2.0868793480493761e-01 -2.6072406723114977e-02
    3.0585494814356267e+00 1.2474859734585215e+02 3.5257949807255251e+01
    5.5585530920953067e+02 2.2272705916870847e-01
    -4.0260440874427546e-02 3.0585102239317976e+00
    1.2686409746900732e+02 2.8723165202224628e+01 5.5010259038551089e+02
    1.7085244449461934e-01 4.3577473296923125e-01
    -3.0985424640517225e+00 9.2327438147831302e+01
    6.6097125494920633e+01 5.9572829301751733e+02 1.7594946510636061e-01
    4.6686509780042740e-01 -3.0919669520377129e+00
    9.8128720233490270e+01 5.8847358461954670e+01 5.9878678005894096e+02
    1.7013245645621683e-01 4.7318893627611408e-01
    -3.0918115282485417e+00 1.0066461516069549e+02
    5.4332645780267612e+01 5.9855168926543104e+02</data></extrinsic_parameters>
<image_points type_id="opencv-matrix">
  <rows>7</rows>
  <cols>54</cols>
  <dt>"2f"</dt>
  <data>
    5.28657410e+02 3.00510345e+02 4.74393463e+02 3.00599823e+02
    4.17884521e+02 3.04020813e+02 3.60379761e+02 3.04785461e+02
    3.02521790e+02 3.06999512e+02 2.44800003e+02 3.05576996e+02
    1.86748886e+02 3.04919861e+02 1.29983154e+02 3.03744202e+02
    7.45549240e+01 3.02445679e+02 5.20907349e+02 2.58564453e+02
    4.68139679e+02 2.58425446e+02 4.13474030e+02 2.61848907e+02
    3.57724396e+02 2.62572662e+02 3.01781830e+02 2.64957733e+02
    2.46186234e+02 2.63721527e+02 1.90009369e+02 2.62771942e+02
    1.35191147e+02 2.62145020e+02 8.13260956e+01 2.60488983e+02
    5.12703491e+02 2.20757828e+02 4.62036743e+02 2.18662918e+02
    4.08822235e+02 2.21974197e+02 3.55174774e+02 2.22928909e+02
    3.01282227e+02 2.25997009e+02 2.47330261e+02 2.24478882e+02
    1.93269180e+02 2.24084915e+02 1.40201294e+02 2.23549698e+02
    8.82441635e+01 2.22979950e+02 5.04758606e+02 1.85625641e+02
    4.55864807e+02 1.81850159e+02 4.04646057e+02 1.84023270e+02
    3.52659180e+02 1.86202393e+02 3.00536621e+02 1.89227463e+02
    2.48629074e+02 1.87719360e+02 1.96312988e+02 1.87406799e+02
    1.45221878e+02 1.87348114e+02 9.46770935e+01 1.86303955e+02
    4.97314117e+02 1.52737015e+02 4.50228790e+02 1.48220139e+02
    4.00627136e+02 1.51200699e+02 3.50278564e+02 1.53570847e+02
    2.99931763e+02 1.54751724e+02 2.49749100e+02 1.53982544e+02
    1.99356339e+02 1.53346146e+02 1.49776550e+02 1.53373581e+02
    1.01046898e+02 1.52666061e+02 4.90486176e+02 1.21298470e+02
    4.44513306e+02 1.17321342e+02 3.96635712e+02 1.20097420e+02
    3.48059448e+02 1.21237534e+02 2.99449036e+02 1.22876762e+02
    2.50991180e+02 1.21796791e+02 2.02197189e+02 1.21224594e+02
    1.54108963e+02 1.19620872e+02 1.06733940e+02 1.19240578e+02
    5.45683716e+02 3.04534515e+02 4.98811127e+02 3.09211395e+02
    4.51515350e+02 3.12826141e+02 4.03636444e+02 3.16624176e+02
    3.56237457e+02 3.19954926e+02 3.09144348e+02 3.23388153e+02
    2.61991089e+02 3.26332581e+02 2.16286224e+02 3.29261200e+02
    1.71415680e+02 3.31626129e+02 5.42554871e+02 2.56745605e+02
    4.95452942e+02 2.60916656e+02 4.48104767e+02 2.64803070e+02
    4.00032501e+02 2.68758698e+02 3.52484741e+02 2.72537781e+02
    3.05210083e+02 2.75975006e+02 2.58123810e+02 2.79492523e+02
    2.12240128e+02 2.82662598e+02 1.66980377e+02 2.85673248e+02
    5.38606628e+02 2.08510239e+02 4.91740143e+02 2.12541840e+02
    4.44158813e+02 2.16663483e+02 3.96059082e+02 2.20702560e+02
    3.48745850e+02 2.24613907e+02 3.01411499e+02 2.28513168e+02
    2.54319595e+02 2.32150574e+02 2.08435577e+02 2.35757797e+02
    1.63442581e+02 2.39264938e+02 5.34349731e+02 1.60212051e+02
    4.87583344e+02 1.63786728e+02 4.39990021e+02 1.68002777e+02
    3.92081360e+02 1.72287247e+02 3.44530121e+02 1.76481842e+02
    2.97574005e+02 1.80544418e+02 2.50542709e+02 1.84612656e+02
    2.04849594e+02 1.88579071e+02 1.59872345e+02 1.92499008e+02
    5.29452332e+02 1.12282310e+02 4.83109985e+02 1.15628220e+02
    4.35553070e+02 1.19762611e+02 3.87704132e+02 1.24198013e+02
    3.40365112e+02 1.28538483e+02 2.93828125e+02 1.33102188e+02
    2.46808945e+02 1.37492172e+02 2.01271988e+02 1.41757187e+02
    1.55975494e+02 1.46151489e+02 5.24606018e+02 6.54727859e+01
    4.78238647e+02 6.85251846e+01 4.31227753e+02 7.28964310e+01
    3.83653778e+02 7.74205856e+01 3.36597595e+02 8.19938126e+01
    2.89789001e+02 8.64322662e+01 2.43225769e+02 9.10819397e+01
    1.97383896e+02 9.56474915e+01 1.52757111e+02 1.00511650e+02
    5.57412231e+02 3.06568298e+02 5.10946899e+02 3.11043182e+02
    4.63973267e+02 3.14494354e+02 4.16510559e+02 3.18155365e+02
    3.69198700e+02 3.21098450e+02 3.22168396e+02 3.24427429e+02
    2.75178497e+02 3.27052155e+02 2.29530762e+02 3.29660248e+02
    1.84701431e+02 3.31782410e+02 5.54650208e+02 2.59424957e+02
    5.08054840e+02 2.63214691e+02 4.60772308e+02 2.66800659e+02
    4.13047424e+02 2.70478180e+02 3.65679352e+02 2.73994019e+02
    3.18622589e+02 2.77281250e+02 2.71547485e+02 2.80485382e+02
    2.25601990e+02 2.83346100e+02 1.80474365e+02 2.86152130e+02
    5.50971313e+02 2.11260239e+02 5.04453033e+02 2.15016953e+02
    4.57171814e+02 2.18818146e+02 4.09454803e+02 2.22624741e+02
    3.62108704e+02 2.26262268e+02 3.15024048e+02 2.29956451e+02
    2.67999481e+02 2.33326721e+02 2.22291138e+02 2.36627167e+02
    1.77244110e+02 2.39865570e+02 5.46814880e+02 1.63439026e+02
    5.00613800e+02 1.66627228e+02 4.53275177e+02 1.70587143e+02
    4.05618744e+02 1.74469696e+02 3.58338837e+02 1.78386078e+02
    3.11515656e+02 1.82149887e+02 2.64426514e+02 1.85929977e+02
    2.18803314e+02 1.89629150e+02 1.73869965e+02 1.93299606e+02
    5.42376892e+02 1.15770615e+02 4.96356262e+02 1.18790619e+02
    4.49178375e+02 1.22653481e+02 4.01599609e+02 1.26590393e+02
    3.54348206e+02 1.30703659e+02 3.07997223e+02 1.34944687e+02
    2.61099945e+02 1.39083664e+02 2.15490402e+02 1.43059586e+02
    1.70226776e+02 1.47087143e+02 5.37975037e+02 6.92189255e+01
    4.91745056e+02 7.19372864e+01 4.45217377e+02 7.60472488e+01
    3.97744843e+02 7.99840164e+01 3.50851685e+02 8.44280701e+01
    3.04266357e+02 8.85281906e+01 2.57733185e+02 9.28191528e+01
    2.11748199e+02 9.69959259e+01 1.67271622e+02 1.01486610e+02
    5.63202820e+02 2.94635925e+02 5.16656372e+02 2.98893646e+02
    4.69376373e+02 3.02534454e+02 4.21495697e+02 3.06037537e+02
